[[ 1, 1, 1, 1, 1, 1, 1, 1, 1, 1],
 [ 2, 2, 2, 2, 2, 2, 2, 2, 2, 2],
 [ 3, 3, 3, 3, 3, 3, 3, 3, 3, 3],
 [ 4, 4, 4, 4, 4, 4, 4, 4, 4, 4],
 [ 5, 5, 5, 5, 5, 5, 5, 5, 5, 5],
 [ 6, 6, 6, 6, 6, 6, 6, 6, 6, 6],
 [ 7, 7, 7, 7, 7, 7, 7, 7, 7, 7],
 [ 8, 8, 8, 8, 8, 8, 8, 8, 8, 8],
 [ 9, 9, 9, 9, 9, 9, 9, 9, 9, 9],
 [10,10,10,10,10,10,10,10,10,10]] = 640





* [1,2,3,4,5,6,7,8,9,10]  = 64 

* 1,8,3,4,6,7,8,9,10 (2,5) -> 2+5+1 = 8
* 1,8,11,4,6,8,9,10 (3,7) -> 3+7+1 = 11
* 10,11,4,6,8,9,10 (1,8) -> 1+8+1 = 10
* 20,11,4,6,8,10 (10,9) -> 10+9+1 = 20
* 20,11,13,6,10 (4,8) -> 4+8+1 = 13
* 20,11,13,17 (6,10) -> 6+10+1 = 17
* 38,11,13 (6,10) -> 20+17+1 = 38
* 52,11 (38,13) -> 38+13+1 = 52
* 52,11 (38,13) -> 52+11+1 = 64

# The answer is 640